27137;2043;2045;828.1555175781;-0.0711669283;-0.0627943485
27777;2050;2036;847.6867675781;-0.041862899;-0.1004709576
28417;2059;2051;867.2180175781;-0.0041862899;-0.0376766091
29057;2053;2051;886.7492675781;-0.0293040293;-0.0376766091
29697;2052;2053;906.2805175781;-0.0334903192;-0.0293040293
30337;2049;2048;925.8117675781;-0.0460491889;-0.0502354788
30977;2059;2053;945.3430175781;-0.0041862899;-0.0293040293
31617;2063;2055;964.8742675781;0.0125588697;-0.0209314495
32257;2056;2045;984.4055175781;-0.0167451596;-0.0627943485
32897;2066;2080;1003.9367675781;0.0251177394;0.083725798
33537;2047;2054;1023.4680175781;-0.0544217687;-0.0251177394
34177;2054;2072;1042.9992675781;-0.0251177394;0.0502354788
34817;2063;2067;1062.5305175781;0.0125588697;0.0293040293
35457;2060;2047;1082.0617675781;0;-0.0544217687
36097;2052;2041;1101.5930175781;-0.0334903192;-0.0795395081
36737;2042;2043;1121.1242675781;-0.0753532182;-0.0711669283
37377;2032;2034;1140.6555175781;-0.1172161172;-0.1088435374
38017;2121;2212;1160.1867675781;0.2553636839;0.6363160649
38657;2139;2229;1179.7180175781;0.3307169021;0.7074829932
39297;2058;2047;1199.2492675781;-0.0083725798;-0.0544217687
39937;2060;2063;1218.7805175781;0;0.0125588697
40577;2048;2060;1238.3117675781;-0.0502354788;0
41217;2039;2047;1257.8430175781;-0.0879120879;-0.0544217687
41857;2060;2066;1277.3742675781;0;0.0251177394
42497;2063;2059;1296.9055175781;0.0125588697;-0.0041862899
43137;2070;2071;1316.4367675781;0.041862899;0.0460491889
43777;2068;2075;1335.9680175781;0.0334903192;0.0627943485
44417;2058;2079;1355.4992675781;-0.0083725798;0.0795395081
45057;2077;2109;1375.0305175781;0.0711669283;0.2051282051
45697;2084;2114;1394.5617675781;0.1004709576;0.2260596546
46337;2105;2140;1414.0930175781;0.1883830455;0.334903192
46977;2110;2146;1433.6242675781;0.209314495;0.3600209314
47617;2087;2111;1453.1555175781;0.1130298273;0.2135007849
48257;2067;2080;1472.6867675781;0.0293040293;0.083725798
48897;2042;2057;1492.2180175781;-0.0753532182;-0.0125588697
49537;2066;2076;1511.7492675781;0.0251177394;0.0669806384
50177;2058;2045;1531.2805175781;-0.0083725798;-0.0627943485
50817;2057;2040;1550.8117675781;-0.0125588697;-0.083725798
51457;2048;2047;1570.3430175781;-0.0502354788;-0.0544217687
52097;2047;2053;1589.8742675781;-0.0544217687;-0.0293040293
52737;2042;2044;1609.4055175781;-0.0753532182;-0.0669806384
53377;2044;2023;1628.9367675781;-0.0669806384;-0.1548927263
54017;2064;2054;1648.4680175781;0.0167451596;-0.0251177394
54657;2064;2062;1667.9992675781;0.0167451596;0.0083725798
55297;2045;2035;1687.5305175781;-0.0627943485;-0.1046572475
55937;2052;2066;1707.0617675781;-0.0334903192;0.0251177394
56577;2042;2036;1726.5930175781;-0.0753532182;-0.1004709576
57217;2058;2040;1746.1242675781;-0.0083725798;-0.083725798
57857;2062;2042;1765.6555175781;0.0083725798;-0.0753532182
58497;2059;2042;1785.1867675781;-0.0041862899;-0.0753532182
59137;2036;2021;1804.7180175781;-0.1004709576;-0.1632653061
59777;2051;2052;1824.2492675781;-0.0376766091;-0.0334903192
60417;2048;2039;1843.7805175781;-0.0502354788;-0.0879120879
61057;2060;2043;1863.3117675781;0;-0.0711669283
61697;2065;2047;1882.8430175781;0.0209314495;-0.0544217687
62337;2062;2048;1902.3742675781;0.0083725798;-0.0502354788
62977;2048;2045;1921.9055175781;-0.0502354788;-0.0627943485
63617;2035;2032;1941.4367675781;-0.1046572475;-0.1172161172
64257;2050;2054;1960.9680175781;-0.041862899;-0.0251177394
64897;2056;2045;1980.4992675781;-0.0167451596;-0.0627943485
2;2052;2027;2000.0610351563;-0.0334903192;-0.1381475667
641;2044;2044;2019.5617675781;-0.0669806384;-0.0669806384
1281;2050;2063;2039.0930175781;-0.041862899;0.0125588697
1921;2037;2046;2058.6242675781;-0.0962846677;-0.0586080586
2561;2052;2059;2078.1555175781;-0.0334903192;-0.0041862899
3201;2073;2076;2097.6867675781;0.0544217687;0.0669806384
3841;2055;2048;2117.2180175781;-0.0209314495;-0.0502354788
4481;2059;2059;2136.7492675781;-0.0041862899;-0.0041862899
5121;2041;2051;2156.2805175781;-0.0795395081;-0.0376766091
5761;2050;2059;2175.8117675781;-0.041862899;-0.0041862899
6401;2040;2024;2195.3430175781;-0.083725798;-0.1507064364
7041;2096;2127;2214.8742675781;0.1507064364;0.2804814233
7681;2165;2266;2234.4055175781;0.4395604396;0.8623757195
8321;2040;2031;2253.9367675781;-0.083725798;-0.1214024071
8961;2046;2063;2273.4680175781;-0.0586080586;0.0125588697
9601;2040;2047;2292.9992675781;-0.083725798;-0.0544217687
10241;2056;2051;2312.5305175781;-0.0167451596;-0.0376766091
10881;2062;2055;2332.0617675781;0.0083725798;-0.0209314495
11521;2061;2051;2351.5930175781;0.0041862899;-0.0376766091
12161;2051;2063;2371.1242675781;-0.0376766091;0.0125588697
12801;2048;2062;2390.6555175781;-0.0502354788;0.0083725798
13441;2073;2091;2410.1867675781;0.0544217687;0.1297749869
14081;2082;2100;2429.7180175781;0.0920983778;0.167451596
14721;2088;2105;2449.2492675781;0.1172161172;0.1883830455
15361;2096;2128;2468.7805175781;0.1507064364;0.2846677132
16001;2090;2140;2488.3117675781;0.125588697;0.334903192
16641;2068;2108;2507.8430175781;0.0334903192;0.2009419152
17281;2062;2081;2527.3742675781;0.0083725798;0.0879120879
17921;2060;2050;2546.9055175781;0;-0.041862899
18561;2064;2053;2566.4367675781;0.0167451596;-0.0293040293
19201;2060;2049;2585.9680175781;0;-0.0460491889
19841;2050;2046;2605.4992675781;-0.041862899;-0.0586080586
20481;2044;2046;2625.0305175781;-0.0669806384;-0.0586080586
21121;2048;2043;2644.5617675781;-0.0502354788;-0.0711669283
21761;2053;2036;2664.0930175781;-0.0293040293;-0.1004709576
22401;2063;2061;2683.6242675781;0.0125588697;0.0041862899
23041;2056;2060;2703.1555175781;-0.0167451596;0
23681;2046;2039;2722.6867675781;-0.0586080586;-0.0879120879
24321;2039;2035;2742.2180175781;-0.0879120879;-0.1046572475
24961;2050;2043;2761.7492675781;-0.041862899;-0.0711669283
25601;2059;2052;2781.2805175781;-0.0041862899;-0.0334903192
26241;2058;2041;2800.8117675781;-0.0083725798;-0.0795395081
26881;2046;2045;2820.3430175781;-0.0586080586;-0.0627943485
27521;2040;2039;2839.8742675781;-0.083725798;-0.0879120879
28161;2047;2047;2859.4055175781;-0.0544217687;-0.0544217687
28801;2051;2045;2878.9367675781;-0.0376766091;-0.0627943485
29441;2051;2021;2898.4680175781;-0.0376766091;-0.1632653061
30081;2061;2045;2917.9992675781;0.0041862899;-0.0627943485
30721;2051;2042;2937.5305175781;-0.0376766091;-0.0753532182
31361;2049;2057;2957.0617675781;-0.0460491889;-0.0125588697
32001;2047;2046;2976.5930175781;-0.0544217687;-0.0586080586
32641;2058;2047;2996.1242675781;-0.0083725798;-0.0544217687
33281;2069;2055;3015.6555175781;0.0376766091;-0.0209314495
33921;2060;2048;3035.1867675781;0;-0.0502354788
34561;2046;2036;3054.7180175781;-0.0586080586;-0.1004709576
35201;2050;2053;3074.2492675781;-0.041862899;-0.0293040293
35841;2061;2060;3093.7805175781;0.0041862899;0
36481;2068;2057;3113.3117675781;0.0334903192;-0.0125588697
37121;2077;2065;3132.8430175781;0.0711669283;0.0209314495
37761;2063;2055;3152.3742675781;0.0125588697;-0.0209314495
38401;2060;2060;3171.9055175781;0;0
39041;2050;2048;3191.4367675781;-0.041862899;-0.0502354788
39681;2057;2053;3210.9680175781;-0.0125588697;-0.0293040293
40321;2065;2042;3230.4992675781;0.0209314495;-0.0753532182
40961;2054;2022;3250.0305175781;-0.0251177394;-0.1590790162
41601;2099;2124;3269.5617675781;0.1632653061;0.2679225536
42241;2156;2248;3289.0930175781;0.4018838305;0.7870225013
42881;2036;2034;3308.6242675781;-0.1004709576;-0.1088435374
43521;2065;2061;3328.1555175781;0.0209314495;0.0041862899
44161;2067;2047;3347.6867675781;0.0293040293;-0.0544217687
44801;2068;2059;3367.2180175781;0.0334903192;-0.0041862899
45441;2064;2062;3386.7492675781;0.0167451596;0.0083725798
46081;2054;2056;3406.2805175781;-0.0251177394;-0.0167451596
46721;2050;2048;3425.8117675781;-0.041862899;-0.0502354788
47361;2070;2077;3445.3430175781;0.041862899;0.0711669283
48001;2082;2091;3464.8742675781;0.0920983778;0.1297749869
48641;2077;2088;3484.4055175781;0.0711669283;0.1172161172
49281;2099;2145;3503.9367675781;0.1632653061;0.3558346415
49921;2083;2134;3523.4680175781;0.0962846677;0.3097854526
50561;2084;2131;3542.9992675781;0.1004709576;0.2972265829
51201;2081;2114;3562.5305175781;0.0879120879;0.2260596546
51841;2073;2081;3582.0617675781;0.0544217687;0.0879120879
52481;2054;2047;3601.5930175781;-0.0251177394;-0.0544217687
53121;2040;2043;3621.1242675781;-0.083725798;-0.0711669283
53761;2040;2043;3640.6555175781;-0.083725798;-0.0711669283
54401;2037;2025;3660.1867675781;-0.0962846677;-0.1465201465
55041;2054;2055;3679.7180175781;-0.0251177394;-0.0209314495
55681;2048;2024;3699.2492675781;-0.0502354788;-0.1507064364
56321;2052;2043;3718.7805175781;-0.0334903192;-0.0711669283
56961;2046;2055;3738.3117675781;-0.0586080586;-0.0209314495
57601;2033;2032;3757.8430175781;-0.1130298273;-0.1172161172
58241;2038;2047;3777.3742675781;-0.0920983778;-0.0544217687
58881;2051;2052;3796.9055175781;-0.0376766091;-0.0334903192
59521;2045;2033;3816.4367675781;-0.0627943485;-0.1130298273
60161;2043;2049;3835.9680175781;-0.0711669283;-0.0460491889
60801;2032;2037;3855.4992675781;-0.1172161172;-0.0962846677
61441;2024;2040;3875.0305175781;-0.1507064364;-0.083725798
62081;2040;2049;3894.5617675781;-0.083725798;-0.0460491889
62721;2055;2050;3914.0930175781;-0.0209314495;-0.041862899
63361;2048;2032;3933.6242675781;-0.0502354788;-0.1172161172
64001;2058;2049;3953.1555175781;-0.0083725798;-0.0460491889
64641;2038;2017;3972.6867675781;-0.0920983778;-0.1800104657
65281;2049;2045;3992.2180175781;-0.0460491889;-0.0627943485
385;2062;2053;4011.7492675781;0.0083725798;-0.0293040293
1025;2066;2050;4031.2805175781;0.0251177394;-0.041862899
1665;2079;2068;4050.8117675781;0.0795395081;0.0334903192
2305;2055;2042;4070.3430175781;-0.0209314495;-0.0753532182
2945;2050;2052;4089.8742675781;-0.041862899;-0.0334903192
3585;2049;2042;4109.4055175781;-0.0460491889;-0.0753532182
4225;2062;2047;4128.9367675781;0.0083725798;-0.0544217687
4865;2072;2050;4148.4680175781;0.0502354788;-0.041862899
5505;2071;2050;4167.9992675781;0.0460491889;-0.041862899
6145;2044;2033;4187.5305175781;-0.0669806384;-0.1130298273
6785;2055;2071;4207.0617675781;-0.0209314495;0.0460491889
7425;2049;2051;4226.5930175781;-0.0460491889;-0.0376766091
8065;2077;2058;4246.1242675781;0.0711669283;-0.0083725798
8705;2078;2027;4265.6555175781;0.0753532182;-0.1381475667
9345;2096;2049;4285.1867675781;0.1507064364;-0.0460491889
9985;2076;2023;4304.7180175781;0.0669806384;-0.1548927263
10625;2136;2145;4324.2492675781;0.3181580324;0.3558346415
11265;2208;2289;4343.7805175781;0.6195709053;0.9586603872
11905;2088;2038;4363.3117675781;0.1172161172;-0.0920983778
12545;2089;2050;4382.8430175781;0.1214024071;-0.041862899
13185;2084;2050;4402.3742675781;0.1004709576;-0.041862899
13825;2074;2055;4421.9055175781;0.0586080586;-0.0209314495
14465;2060;2049;4441.4367675781;0;-0.0460491889
15105;2071;2064;4460.9680175781;0.0460491889;0.0167451596
15745;2079;2064;4480.4992675781;0.0795395081;0.0167451596
16385;2078;2065;4500.0305175781;0.0753532182;0.0209314495
17025;2065;2067;4519.5617675781;0.0209314495;0.0293040293
17665;2066;2093;4539.0930175781;0.0251177394;0.1381475667
18305;2068;2125;4558.6242675781;0.0334903192;0.2721088435
18945;2064;2122;4578.1555175781;0.0167451596;0.2595499738
19585;2055;2149;4597.6867675781;-0.0209314495;0.3725798012
20225;2024;2106;4617.2180175781;-0.1507064364;0.1925693354
20865;2016;2086;4636.7492675781;-0.1841967556;0.1088435374
21505;2018;2071;4656.2805175781;-0.1758241758;0.0460491889
22145;2009;2026;4675.8117675781;-0.2135007849;-0.1423338566
22785;2032;2049;4695.3430175781;-0.1172161172;-0.0460491889
23425;2038;2047;4714.8742675781;-0.0920983778;-0.0544217687
24065;2044;2033;4734.4055175781;-0.0669806384;-0.1130298273
24705;2054;2059;4753.9367675781;-0.0251177394;-0.0041862899
25345;2044;2041;4773.4680175781;-0.0669806384;-0.0795395081
25985;2050;2051;4792.9992675781;-0.041862899;-0.0376766091
26625;2060;2057;4812.5305175781;0;-0.0125588697
27265;2063;2049;4832.0617675781;0.0125588697;-0.0460491889
27905;2072;2066;4851.5930175781;0.0502354788;0.0251177394
28545;2059;2052;4871.1242675781;-0.0041862899;-0.0334903192
29185;2047;2042;4890.6555175781;-0.0544217687;-0.0753532182
29825;2057;2049;4910.1867675781;-0.0125588697;-0.0460491889
30465;2060;2047;4929.7180175781;0;-0.0544217687
31105;2063;2039;4949.2492675781;0.0125588697;-0.0879120879
31745;2070;2067;4968.7805175781;0.041862899;0.0293040293
32385;2048;2038;4988.3117675781;-0.0502354788;-0.0920983778
33025;2057;2067;5007.8430175781;-0.0125588697;0.0293040293
33665;2047;2031;5027.3742675781;-0.0544217687;-0.1214024071
34305;2068;2047;5046.9055175781;0.0334903192;-0.0544217687
34945;2070;2044;5066.4367675781;0.041862899;-0.0669806384
35585;2068;2058;5085.9680175781;0.0334903192;-0.0083725798
36225;2057;2063;5105.4992675781;-0.0125588697;0.0125588697
36865;2047;2052;5125.0305175781;-0.0544217687;-0.0334903192
37505;2045;2042;5144.5617675781;-0.0627943485;-0.0753532182
38145;2054;2047;5164.0930175781;-0.0251177394;-0.0544217687
38785;2062;2067;5183.6242675781;0.0083725798;0.0293040293
39425;2056;2058;5203.1555175781;-0.0167451596;-0.0083725798
40065;2048;2057;5222.6867675781;-0.0502354788;-0.0125588697
40705;2053;2069;5242.2180175781;-0.0293040293;0.0376766091
41345;2057;2055;5261.7492675781;-0.0125588697;-0.0209314495
41985;2056;2047;5281.2805175781;-0.0167451596;-0.0544217687
42625;2051;2033;5300.8117675781;-0.0376766091;-0.1130298273
43265;2035;2027;5320.3430175781;-0.1046572475;-0.1381475667
43905;2039;2044;5339.8742675781;-0.0879120879;-0.0669806384
44545;2078;2118;5359.4055175781;0.0753532182;0.2428048142
45185;2158;2256;5378.9367675781;0.4102564103;0.8205128205
45825;2056;2050;5398.4680175781;-0.0167451596;-0.041862899
46465;2057;2048;5417.9992675781;-0.0125588697;-0.0502354788
47105;2044;2043;5437.5305175781;-0.0669806384;-0.0711669283
47745;2041;2049;5457.0617675781;-0.0795395081;-0.0460491889
48385;2042;2048;5476.5930175781;-0.0753532182;-0.0502354788
49025;2056;2058;5496.1242675781;-0.0167451596;-0.0083725798
49665;2068;2080;5515.6555175781;0.0334903192;0.083725798
50305;2052;2059;5535.1867675781;-0.0334903192;-0.0041862899
50945;2041;2053;5554.7180175781;-0.0795395081;-0.0293040293
51585;2057;2104;5574.2492675781;-0.0125588697;0.1841967556
52225;2076;2130;5593.7805175781;0.0669806384;0.293040293
52865;2096;2148;5613.3117675781;0.1507064364;0.3683935113
53505;2102;2141;5632.8430175781;0.1758241758;0.3390894819
54145;2084;2118;5652.3742675781;0.1004709576;0.2428048142
54785;2058;2078;5671.9055175781;-0.0083725798;0.0753532182
55425;2055;2074;5691.4367675781;-0.0209314495;0.0586080586
56065;2046;2049;5710.9680175781;-0.0586080586;-0.0460491889
56705;2061;2041;5730.4992675781;0.0041862899;-0.0795395081
57345;2063;2045;5750.0305175781;0.0125588697;-0.0627943485
57985;2063;2056;5769.5617675781;0.0125588697;-0.0167451596
58625;2048;2047;5789.0930175781;-0.0502354788;-0.0544217687
59265;2036;2034;5808.6242675781;-0.1004709576;-0.1088435374
59905;2053;2052;5828.1555175781;-0.0293040293;-0.0334903192
60545;2053;2044;5847.6867675781;-0.0293040293;-0.0669806384
61185;2050;2050;5867.2180175781;-0.041862899;-0.041862899
61825;2040;2040;5886.7492675781;-0.083725798;-0.083725798
62465;2028;2034;5906.2805175781;-0.1339612768;-0.1088435374
63105;2030;2044;5925.8117675781;-0.125588697;-0.0669806384
63745;2043;2047;5945.3430175781;-0.0711669283;-0.0544217687
64385;2044;2035;5964.8742675781;-0.0669806384;-0.1046572475
65025;2038;2021;5984.4055175781;-0.0920983778;-0.1632653061
129;2044;2046;6003.9367675781;-0.0669806384;-0.0586080586
769;2036;2039;6023.4680175781;-0.1004709576;-0.0879120879
1409;2035;2041;6042.9992675781;-0.1046572475;-0.0795395081
2049;2051;2058;6062.5305175781;-0.0376766091;-0.0083725798
2689;2052;2057;6082.0617675781;-0.0334903192;-0.0125588697
3329;2042;2027;6101.5930175781;-0.0753532182;-0.1381475667
3969;2036;2046;6121.1242675781;-0.1004709576;-0.0586080586
4609;2038;2063;6140.6555175781;-0.0920983778;0.0125588697
5249;2032;2046;6160.1867675781;-0.1172161172;-0.0586080586
5889;2042;2057;6179.7180175781;-0.0753532182;-0.0125588697
6529;2048;2044;6199.2492675781;-0.0502354788;-0.0669806384
7169;2059;2074;6218.7805175781;-0.0041862899;0.0586080586
7809;2032;2045;6238.3117675781;-0.1172161172;-0.0627943485
8449;2036;2055;6257.8430175781;-0.1004709576;-0.0209314495
9089;2036;2040;6277.3742675781;-0.1004709576;-0.083725798
9729;2048;2046;6296.9055175781;-0.0502354788;-0.0586080586
10369;2055;2043;6316.4367675781;-0.0209314495;-0.0711669283
11009;2047;2039;6335.9680175781;-0.0544217687;-0.0879120879
11649;2048;2052;6355.4992675781;-0.0502354788;-0.0334903192
12289;2039;2035;6375.0305175781;-0.0879120879;-0.1046572475
12929;2116;2171;6394.5617675781;0.2344322344;0.464678179
13569;2156;2232;6414.0930175781;0.4018838305;0.7200418629
14209;2054;2031;6433.6242675781;-0.0251177394;-0.1214024071
14849;2062;2053;6453.1555175781;0.0083725798;-0.0293040293
15489;2050;2044;6472.6867675781;-0.041862899;-0.0669806384
16129;2047;2045;6492.2180175781;-0.0544217687;-0.0627943485
16769;2060;2052;6511.7492675781;0;-0.0334903192
17409;2075;2062;6531.2805175781;0.0627943485;0.0083725798
18049;2077;2065;6550.8117675781;0.0711669283;0.0209314495
18689;2061;2058;6570.3430175781;0.0041862899;-0.0083725798
19329;2067;2077;6589.8742675781;0.0293040293;0.0711669283
19969;2078;2095;6609.4055175781;0.0753532182;0.1465201465
20609;2109;2145;6628.9367675781;0.2051282051;0.3558346415
21249;2105;2122;6648.4680175781;0.1883830455;0.2595499738
21889;2099;2121;6667.9992675781;0.1632653061;0.2553636839
22529;2086;2106;6687.5305175781;0.1088435374;0.1925693354
23169;2064;2073;6707.0617675781;0.0167451596;0.0544217687
23809;2069;2074;6726.5930175781;0.0376766091;0.0586080586
24449;2060;2045;6746.1242675781;0;-0.0627943485
25089;2062;2031;6765.6555175781;0.0083725798;-0.1214024071
