27137;2043;2045;828.1555175781;-0.0711669283;-0.0627943485
27777;2050;2036;847.6867675781;-0.041862899;-0.1004709576
28417;2059;2051;867.2180175781;-0.0041862899;-0.0376766091
29057;2053;2051;886.7492675781;-0.0293040293;-0.0376766091
29697;2052;2053;906.2805175781;-0.0334903192;-0.0293040293
30337;2049;2048;925.8117675781;-0.0460491889;-0.0502354788
30977;2059;2053;945.3430175781;-0.0041862899;-0.0293040293
31617;2063;2055;964.8742675781;0.0125588697;-0.0209314495
32257;2056;2045;984.4055175781;-0.0167451596;-0.0627943485
32897;2066;2080;1003.9367675781;0.0251177394;0.083725798
33537;2047;2054;1023.4680175781;-0.0544217687;-0.0251177394
34177;2054;2072;1042.9992675781;-0.0251177394;0.0502354788
34817;2063;2067;1062.5305175781;0.0125588697;0.0293040293
35457;2060;2047;1082.0617675781;0;-0.0544217687
36097;2052;2041;1101.5930175781;-0.0334903192;-0.0795395081
36737;2042;2043;1121.1242675781;-0.0753532182;-0.0711669283
37377;2032;2034;1140.6555175781;-0.1172161172;-0.1088435374
38017;2121;2212;1160.1867675781;0.2553636839;0.6363160649
38657;2139;2229;1179.7180175781;0.3307169021;0.7074829932
39297;2058;2047;1199.2492675781;-0.0083725798;-0.0544217687
39937;2060;2063;1218.7805175781;0;0.0125588697
40577;2048;2060;1238.3117675781;-0.0502354788;0
41217;2039;2047;1257.8430175781;-0.0879120879;-0.0544217687
41857;2060;2066;1277.3742675781;0;0.0251177394
42497;2063;2059;1296.9055175781;0.0125588697;-0.0041862899
43137;2070;2071;1316.4367675781;0.041862899;0.0460491889
43777;2068;2075;1335.9680175781;0.0334903192;0.0627943485
44417;2058;2079;1355.4992675781;-0.0083725798;0.0795395081
45057;2077;2109;1375.0305175781;0.0711669283;0.2051282051
45697;2084;2114;1394.5617675781;0.1004709576;0.2260596546
46337;2105;2140;1414.0930175781;0.1883830455;0.334903192
46977;2110;2146;1433.6242675781;0.209314495;0.3600209314
47617;2087;2111;1453.1555175781;0.1130298273;0.2135007849
48257;2067;2080;1472.6867675781;0.0293040293;0.083725798
48897;2042;2057;1492.2180175781;-0.0753532182;-0.0125588697
49537;2066;2076;1511.7492675781;0.0251177394;0.0669806384
50177;2058;2045;1531.2805175781;-0.0083725798;-0.0627943485
50817;2057;2040;1550.8117675781;-0.0125588697;-0.083725798
51457;2048;2047;1570.3430175781;-0.0502354788;-0.0544217687
52097;2047;2053;1589.8742675781;-0.0544217687;-0.0293040293
52737;2042;2044;1609.4055175781;-0.0753532182;-0.0669806384
53377;2044;2023;1628.9367675781;-0.0669806384;-0.1548927263
54017;2064;2054;1648.4680175781;0.0167451596;-0.0251177394
54657;2064;2062;1667.9992675781;0.0167451596;0.0083725798
55297;2045;2035;1687.5305175781;-0.0627943485;-0.1046572475
55937;2052;2066;1707.0617675781;-0.0334903192;0.0251177394
56577;2042;2036;1726.5930175781;-0.0753532182;-0.1004709576
57217;2058;2040;1746.1242675781;-0.0083725798;-0.083725798
57857;2062;2042;1765.6555175781;0.0083725798;-0.0753532182
58497;2059;2042;1785.1867675781;-0.0041862899;-0.0753532182
59137;2036;2021;1804.7180175781;-0.1004709576;-0.1632653061
59777;2051;2052;1824.2492675781;-0.0376766091;-0.0334903192
60417;2048;2039;1843.7805175781;-0.0502354788;-0.0879120879
61057;2060;2043;1863.3117675781;0;-0.0711669283
61697;2065;2047;1882.8430175781;0.0209314495;-0.0544217687
62337;2062;2048;1902.3742675781;0.0083725798;-0.0502354788
62977;2048;2045;1921.9055175781;-0.0502354788;-0.0627943485
63617;2035;2032;1941.4367675781;-0.1046572475;-0.1172161172
64257;2050;2054;1960.9680175781;-0.041862899;-0.0251177394
64897;2056;2045;1980.4992675781;-0.0167451596;-0.0627943485
2;2052;2027;2000.0610351563;-0.0334903192;-0.1381475667
641;2044;2044;2019.5617675781;-0.0669806384;-0.0669806384
1281;2050;2063;2039.0930175781;-0.041862899;0.0125588697
1921;2037;2046;2058.6242675781;-0.0962846677;-0.0586080586
2561;2052;2059;2078.1555175781;-0.0334903192;-0.0041862899
3201;2073;2076;2097.6867675781;0.0544217687;0.0669806384
3841;2055;2048;2117.2180175781;-0.0209314495;-0.0502354788
4481;2059;2059;2136.7492675781;-0.0041862899;-0.0041862899
5121;2041;2051;2156.2805175781;-0.0795395081;-0.0376766091
5761;2050;2059;2175.8117675781;-0.041862899;-0.0041862899
6401;2040;2024;2195.3430175781;-0.083725798;-0.1507064364
7041;2096;2127;2214.8742675781;0.1507064364;0.2804814233
7681;2165;2266;2234.4055175781;0.4395604396;0.8623757195
8321;2040;2031;2253.9367675781;-0.083725798;-0.1214024071
8961;2046;2063;2273.4680175781;-0.0586080586;0.0125588697
9601;2040;2047;2292.9992675781;-0.083725798;-0.0544217687
10241;2056;2051;2312.5305175781;-0.0167451596;-0.0376766091
10881;2062;2055;2332.0617675781;0.0083725798;-0.0209314495
11521;2061;2051;2351.5930175781;0.0041862899;-0.0376766091
12161;2051;2063;2371.1242675781;-0.0376766091;0.0125588697
12801;2048;2062;2390.6555175781;-0.0502354788;0.0083725798
13441;2073;2091;2410.1867675781;0.0544217687;0.1297749869
14081;2082;2100;2429.7180175781;0.0920983778;0.167451596
14721;2088;2105;2449.2492675781;0.1172161172;0.1883830455
15361;2096;2128;2468.7805175781;0.1507064364;0.2846677132
16001;2090;2140;2488.3117675781;0.125588697;0.334903192
16641;2068;2108;2507.8430175781;0.0334903192;0.2009419152
17281;2062;2081;2527.3742675781;0.0083725798;0.0879120879
17921;2060;2050;2546.9055175781;0;-0.041862899
18561;2064;2053;2566.4367675781;0.0167451596;-0.0293040293
19201;2060;2049;2585.9680175781;0;-0.0460491889
19841;2050;2046;2605.4992675781;-0.041862899;-0.0586080586
20481;2044;2046;2625.0305175781;-0.0669806384;-0.0586080586
21121;2048;2043;2644.5617675781;-0.0502354788;-0.0711669283
21761;2053;2036;2664.0930175781;-0.0293040293;-0.1004709576
22401;2063;2061;2683.6242675781;0.0125588697;0.0041862899
23041;2056;2060;2703.1555175781;-0.0167451596;0
23681;2046;2039;2722.6867675781;-0.0586080586;-0.0879120879
24321;2039;2035;2742.2180175781;-0.0879120879;-0.1046572475
